 1   14 13 15 7 11 12 9 5 6 0 2 1 4 8 10 3
 3   14 7 8 2 13 11 10 4 9 12 5 0 3 6 1 15
 4   5 12 10 7 15 11 14 0 8 2 1 13 3 4 9 6
 7   2 11 15 5 13 4 6 7 12 8 10 1 9 3 14 0
10   13 11 8 9 0 15 7 10 4 3 6 14 5 12 2 1
11   5 9 13 14 6 3 7 12 10 8 4 0 15 2 11 1
14   7 6 8 1 11 5 14 10 3 4 9 13 15 2 0 12
15   13 11 4 12 1 8 9 15 6 5 14 2 7 3 10 0
17   15 14 0 4 11 1 6 13 7 5 8 9 3 2 10 12
21   12 8 14 6 11 4 7 0 5 1 10 15 3 13 9 2
22   14 3 9 1 15 8 4 5 11 7 10 13 0 2 12 6
25   11 4 2 7 1 0 10 15 6 9 14 8 3 13 5 12
26   5 7 3 12 15 13 14 8 0 10 9 6 1 4 2 11
27   14 1 8 15 2 6 0 3 9 12 10 13 4 7 5 11
32   14 10 9 4 13 6 5 8 2 12 7 0 1 3 11 15
33   14 3 5 15 11 6 13 9 0 10 2 12 4 1 7 8
36   12 6 0 4 7 3 15 1 13 9 8 11 2 14 5 10
37   8 1 7 12 11 0 10 5 9 15 6 13 14 2 3 4
38   7 15 8 2 13 6 3 12 11 0 4 10 9 5 1 14
40   11 5 1 14 4 12 10 0 2 7 13 3 9 15 6 8
44   12 9 0 6 8 3 5 14 2 4 11 7 10 1 15 13
49   10 0 2 4 5 1 6 12 11 13 9 7 15 3 14 8
52   10 8 0 12 3 7 6 2 1 14 4 11 15 13 9 5
53   14 9 12 13 15 4 8 10 0 2 1 7 3 11 5 6
54   12 11 0 8 10 2 13 15 5 4 7 3 6 9 14 1
56   3 15 2 5 11 6 4 7 12 9 1 0 13 14 10 8
59   15 14 6 7 10 1 0 11 12 8 4 9 2 5 13 3
60   11 14 13 1 2 3 12 4 15 7 9 5 10 6 8 0
62   4 6 12 0 14 2 9 13 11 8 3 15 7 10 1 5
63   8 10 9 11 14 1 7 15 13 4 0 12 6 2 5 3
64   5 2 14 0 7 8 6 3 11 12 13 15 4 10 9 1
66   11 6 14 12 3 5 1 15 8 0 10 13 9 7 4 2
67   7 1 2 4 8 3 6 11 10 15 0 5 14 12 13 9
69   6 0 5 15 1 14 4 9 2 13 8 10 11 12 7 3
70   15 1 3 12 4 0 6 5 2 8 14 9 13 10 7 11
72   12 15 11 10 4 5 14 0 13 7 1 2 9 8 3 6
76   15 10 8 3 0 6 9 5 1 14 13 11 7 2 12 4
82   14 10 2 1 13 9 8 11 7 3 6 12 15 5 4 0
83   12 3 9 1 4 5 10 2 6 11 15 0 14 7 13 8
84   15 8 10 7 0 12 14 1 5 9 6 3 13 11 4 2
88   15 2 12 11 14 13 9 5 1 3 8 7 0 10 6 4
89   11 1 7 4 10 13 3 8 9 14 0 15 6 5 2 12
91   9 7 5 2 14 15 12 10 11 3 6 1 8 13 0 4
92   3 2 7 9 0 15 12 4 6 11 5 14 8 13 10 1
98   0 11 3 12 5 2 1 9 8 10 14 15 7 4 13 6
99   7 15 4 0 10 9 2 5 12 11 13 6 1 3 14 8
